4784976946735563306
2781280132931771176
3597428827311656654
5015418978650891585
5766328308186078802
2562124934994982155
7022617378395745750
7929167612007097088
583523052890366373
2398222073005241110
1259032658209448985
8834811409939834081
6022079147029395001
3526319564173640841
8395716280332379039
4276109598663572297
6592829116367684827
5092904933809843780
2345339434287115533
8160368833866858248
813766686379625402
5056546043890758968
8000235264498506946
3704628336224010189
5718117570590688198
1772788298190352924
5013684681082798956
5473651101723915916
6311269264266024221
1810908400721790451
2828980404548508693
1730087171636894835
5113153931762311108
2310843572672467842
4935222359170412084
9162848237605027771
9144366097254780551
5389466958039677811
2768561568880936525
1345073571456827449
